Free Boundary Conditions
Reference
synthesis_free_ref: 24.941345000000002 2.730040420835364 GFlops
FORTRAN OpenMP
synthesis_free_u1: 3.7263610000000003 18.27275457208789 GFlops
synthesis_free_u2: 3.6959180000000003 18.423265884145696 GFlops
synthesis_free_u3: 3.623307 18.79246776494512 GFlops
synthesis_free_u4: 3.7063710000000003 18.37130713574005 GFlops
synthesis_free_u5: 3.7843560000000003 17.992725842917526 GFlops
synthesis_free_u6: 4.004198000000001 17.00487338538204 GFlops
synthesis_free_u7: 4.195626 16.2290156462945 GFlops
synthesis_free_u8: 4.804817 14.171378431270119 GFlops
C OpenMP
synthesis_free_u1: 4.044051 16.837295078622894 GFlops
synthesis_free_u2: 3.821912 17.815920408423846 GFlops
synthesis_free_u3: 3.899066 17.463382256160834 GFlops
synthesis_free_u4: 3.8539220000000003 17.667944499136205 GFlops
synthesis_free_u5: 4.292863 15.861414631680535 GFlops
synthesis_free_u6: 4.581910000000001 14.860806956051077 GFlops
synthesis_free_u7: 5.038133 13.51510172518272 GFlops
synthesis_free_u8: 5.2563 12.954146452828034 GFlops
FORTRAN
synthesis_free_u1: 14.567533000000001 4.67415313217413 GFlops
synthesis_free_u2: 12.277272 5.546091998287568 GFlops
synthesis_free_u3: 11.856431 5.742949121873184 GFlops
synthesis_free_u4: 12.191971 5.584895174045279 GFlops
synthesis_free_u5: 12.614522000000001 5.397816897065144 GFlops
synthesis_free_u6: 13.123243000000002 5.188571148152937 GFlops
synthesis_free_u7: 14.483615000000002 4.701235154345099 GFlops
synthesis_free_u8: 16.529379 4.1193852473223584 GFlops
C
synthesis_free_u1: 15.018966000000002 4.533659640750235 GFlops
synthesis_free_u2: 13.287121 5.124577400928312 GFlops
synthesis_free_u3: 12.761664000000001 5.335580062286549 GFlops
synthesis_free_u4: 12.695290000000002 5.363475745729321 GFlops
synthesis_free_u5: 13.4166 5.0751218639595725 GFlops
synthesis_free_u6: 15.50482 4.391594355819674 GFlops
synthesis_free_u7: 17.37885 3.918031400236494 GFlops
synthesis_free_u8: 18.878828 3.6067323670727864 GFlops
